5
13
2,2,2,5,5,3,3,2,5,5,5,5,5,
0,-3,-5,9999,-1,9999,-1,9999,-3,-1,-1,9999,9999,
-3,0,-1,-1,-1,-1,-1,9999,-3,9999,9999,-1,-3,
-5,-1,0,-1,-1,-1,9999,9999,-3,-1,-5,9999,9999,
9999,-1,-1,0,9999,-3,-5,-3,9999,-1,-3,-1,9999,
-1,-1,-1,9999,0,9999,-5,9999,-1,-1,9999,-1,9999,
9999,-1,-1,-3,9999,0,-1,-1,-1,9999,9999,-1,-1,
-1,-1,9999,-5,-5,-1,0,-1,-1,9999,-3,-1,-1,
9999,9999,9999,-3,9999,-1,-1,0,-5,9999,9999,-1,-1,
-3,-3,-3,9999,-1,-1,-1,-5,0,-1,9999,-1,-1,
-1,9999,-1,-1,-1,9999,9999,9999,-1,0,-1,-3,-1,
-1,9999,-5,-3,9999,9999,-3,9999,9999,-1,0,-1,9999,
9999,-1,9999,-1,-1,-1,-1,-1,-1,-3,-1,0,-5,
9999,-3,9999,9999,9999,-1,-1,-1,-1,-1,9999,-5,0,
