5
13
3,4,5,2,5,2,5,3,5,2,3,4,5,
0,9999,9999,-3,9999,-5,-1,-5,9999,-1,-1,-1,9999,
9999,0,-5,-3,9999,-1,9999,-1,9999,-1,-1,9999,-1,
9999,-5,0,-1,-1,-1,9999,-1,-1,9999,9999,9999,9999,
-3,-3,-1,0,-5,9999,-5,-5,-1,-1,-1,-5,-1,
9999,9999,-1,-5,0,-1,9999,-1,-1,9999,-1,9999,9999,
-5,-1,-1,9999,-1,0,9999,-1,-1,-1,9999,-1,-1,
-1,9999,9999,-5,9999,9999,0,9999,9999,9999,-5,-1,9999,
-5,-1,-1,-5,-1,-1,9999,0,-1,-1,9999,-1,9999,
9999,9999,-1,-1,-1,-1,9999,-1,0,-1,-1,-1,-1,
-1,-1,9999,-1,9999,-1,9999,-1,-1,0,9999,-1,-1,
-1,-1,9999,-1,-1,9999,-5,9999,-1,9999,0,-3,-1,
-1,9999,9999,-5,9999,-1,-1,-1,-1,-1,-3,0,-1,
9999,-1,9999,-1,9999,-1,9999,9999,-1,-1,-1,-1,0,
